DISPLACEMENTS
1 1 0.0
1 2 0.0
1 3 0.0
3 1 0.0
3 2 0.0
3 3 0.0
13 1 0.0
13 2 0.0
13 3 0.0
14 1 0.0
14 2 0.0
14 3 0.0
15 1 0.0
15 2 0.0
15 3 0.0
16 1 0.0
16 2 0.0
16 3 0.0
18 1 0.0
18 2 0.0
18 3 0.0
19 1 0.0
19 2 0.0
19 3 0.0
45 1 0.0
45 2 0.0
45 3 0.0
47 1 0.0
47 2 0.0
47 3 0.0
49 1 0.0
49 2 0.0
49 3 0.0
51 1 0.0
51 2 0.0
51 3 0.0
69 1 0.0
69 2 0.0
69 3 0.0
71 1 0.0
71 2 0.0
71 3 0.0
81 1 0.0
81 2 0.0
81 3 0.0
83 1 0.0
83 2 0.0
83 3 0.0
102 1 0.0
102 2 0.0
102 3 0.0
103 1 0.0
103 2 0.0
103 3 0.0
104 1 0.0
104 2 0.0
104 3 0.0
105 1 0.0
105 2 0.0
105 3 0.0
106 1 0.0
106 2 0.0
106 3 0.0
107 1 0.0
107 2 0.0
107 3 0.0
108 1 0.0
108 2 0.0
108 3 0.0
109 1 0.0
109 2 0.0
109 3 0.0
110 1 0.0
110 2 0.0
110 3 0.0
111 1 0.0
111 2 0.0
111 3 0.0
112 1 0.0
112 2 0.0
112 3 0.0
113 1 0.0
113 2 0.0
113 3 0.0
114 1 0.0
114 2 0.0
114 3 0.0
115 1 0.0
115 2 0.0
115 3 0.0
116 1 0.0
116 2 0.0
116 3 0.0
117 1 0.0
117 2 0.0
117 3 0.0
118 1 0.0
118 2 0.0
118 3 0.0
119 1 0.0
119 2 0.0
119 3 0.0
120 1 0.0
120 2 0.0
120 3 0.0
121 1 0.0
121 2 0.0
121 3 0.0
122 1 0.0
122 2 0.0
122 3 0.0
123 1 0.0
123 2 0.0
123 3 0.0
124 1 0.0
124 2 0.0
124 3 0.0
125 1 0.0
125 2 0.0
125 3 0.0
126 1 0.0
126 2 0.0
126 3 0.0
127 1 0.0
127 2 0.0
127 3 0.0
128 1 0.0
128 2 0.0
128 3 0.0
129 1 0.0
129 2 0.0
129 3 0.0
130 1 0.0
130 2 0.0
130 3 0.0
131 1 0.0
131 2 0.0
131 3 0.0
132 1 0.0
132 2 0.0
132 3 0.0
133 1 0.0
133 2 0.0
133 3 0.0
134 1 0.0
134 2 0.0
134 3 0.0
135 1 0.0
135 2 0.0
135 3 0.0
136 1 0.0
136 2 0.0
136 3 0.0
137 1 0.0
137 2 0.0
137 3 0.0
138 1 0.0
138 2 0.0
138 3 0.0
139 1 0.0
139 2 0.0
139 3 0.0
187 1 0.0
187 2 0.0
187 3 0.0
188 1 0.0
188 2 0.0
188 3 0.0
189 1 0.0
189 2 0.0
189 3 0.0
190 1 0.0
190 2 0.0
190 3 0.0
191 1 0.0
191 2 0.0
191 3 0.0
192 1 0.0
192 2 0.0
192 3 0.0
193 1 0.0
193 2 0.0
193 3 0.0
194 1 0.0
194 2 0.0
194 3 0.0
195 1 0.0
195 2 0.0
195 3 0.0
196 1 0.0
196 2 0.0
196 3 0.0
197 1 0.0
197 2 0.0
197 3 0.0
198 1 0.0
198 2 0.0
198 3 0.0
199 1 0.0
199 2 0.0
199 3 0.0
200 1 0.0
200 2 0.0
200 3 0.0
201 1 0.0
201 2 0.0
201 3 0.0
202 1 0.0
202 2 0.0
202 3 0.0
203 1 0.0
203 2 0.0
203 3 0.0
204 1 0.0
204 2 0.0
204 3 0.0
205 1 0.0
205 2 0.0
205 3 0.0
206 1 0.0
206 2 0.0
206 3 0.0
207 1 0.0
207 2 0.0
207 3 0.0
208 1 0.0
208 2 0.0
208 3 0.0
209 1 0.0
209 2 0.0
209 3 0.0
210 1 0.0
210 2 0.0
210 3 0.0
211 1 0.0
211 2 0.0
211 3 0.0
212 1 0.0
212 2 0.0
212 3 0.0
213 1 0.0
213 2 0.0
213 3 0.0
214 1 0.0
214 2 0.0
214 3 0.0
215 1 0.0
215 2 0.0
215 3 0.0
216 1 0.0
216 2 0.0
216 3 0.0
217 1 0.0
217 2 0.0
217 3 0.0
218 1 0.0
218 2 0.0
218 3 0.0
219 1 0.0
219 2 0.0
219 3 0.0
220 1 0.0
220 2 0.0
220 3 0.0
221 1 0.0
221 2 0.0
221 3 0.0
222 1 0.0
222 2 0.0
222 3 0.0
223 1 0.0
223 2 0.0
223 3 0.0
224 1 0.0
224 2 0.0
224 3 0.0
639 1 0.0
639 2 0.0
639 3 0.0
640 1 0.0
640 2 0.0
640 3 0.0
641 1 0.0
641 2 0.0
641 3 0.0
642 1 0.0
642 2 0.0
642 3 0.0
643 1 0.0
643 2 0.0
643 3 0.0
644 1 0.0
644 2 0.0
644 3 0.0
645 1 0.0
645 2 0.0
645 3 0.0
646 1 0.0
646 2 0.0
646 3 0.0
647 1 0.0
647 2 0.0
647 3 0.0
648 1 0.0
648 2 0.0
648 3 0.0
649 1 0.0
649 2 0.0
649 3 0.0
650 1 0.0
650 2 0.0
650 3 0.0
651 1 0.0
651 2 0.0
651 3 0.0
652 1 0.0
652 2 0.0
652 3 0.0
653 1 0.0
653 2 0.0
653 3 0.0
654 1 0.0
654 2 0.0
654 3 0.0
655 1 0.0
655 2 0.0
655 3 0.0
656 1 0.0
656 2 0.0
656 3 0.0
657 1 0.0
657 2 0.0
657 3 0.0
658 1 0.0
658 2 0.0
658 3 0.0
659 1 0.0
659 2 0.0
659 3 0.0
660 1 0.0
660 2 0.0
660 3 0.0
661 1 0.0
661 2 0.0
661 3 0.0
662 1 0.0
662 2 0.0
662 3 0.0
663 1 0.0
663 2 0.0
663 3 0.0
664 1 0.0
664 2 0.0
664 3 0.0
665 1 0.0
665 2 0.0
665 3 0.0
666 1 0.0
666 2 0.0
666 3 0.0
667 1 0.0
667 2 0.0
667 3 0.0
668 1 0.0
668 2 0.0
668 3 0.0
669 1 0.0
669 2 0.0
669 3 0.0
670 1 0.0
670 2 0.0
670 3 0.0
671 1 0.0
671 2 0.0
671 3 0.0
672 1 0.0
672 2 0.0
672 3 0.0
673 1 0.0
673 2 0.0
673 3 0.0
674 1 0.0
674 2 0.0
674 3 0.0
675 1 0.0
675 2 0.0
675 3 0.0
676 1 0.0
676 2 0.0
676 3 0.0
677 1 0.0
677 2 0.0
677 3 0.0
678 1 0.0
678 2 0.0
678 3 0.0
679 1 0.0
679 2 0.0
679 3 0.0
680 1 0.0
680 2 0.0
680 3 0.0
693 1 0.0
693 2 0.0
693 3 0.0
694 1 0.0
694 2 0.0
694 3 0.0
695 1 0.0
695 2 0.0
695 3 0.0
696 1 0.0
696 2 0.0
696 3 0.0
697 1 0.0
697 2 0.0
697 3 0.0
698 1 0.0
698 2 0.0
698 3 0.0
699 1 0.0
699 2 0.0
699 3 0.0
700 1 0.0
700 2 0.0
700 3 0.0
701 1 0.0
701 2 0.0
701 3 0.0
702 1 0.0
702 2 0.0
702 3 0.0
703 1 0.0
703 2 0.0
703 3 0.0
704 1 0.0
704 2 0.0
704 3 0.0
705 1 0.0
705 2 0.0
705 3 0.0
706 1 0.0
706 2 0.0
706 3 0.0
707 1 0.0
707 2 0.0
707 3 0.0
708 1 0.0
708 2 0.0
708 3 0.0
709 1 0.0
709 2 0.0
709 3 0.0
710 1 0.0
710 2 0.0
710 3 0.0
711 1 0.0
711 2 0.0
711 3 0.0
712 1 0.0
712 2 0.0
712 3 0.0
713 1 0.0
713 2 0.0
713 3 0.0
714 1 0.0
714 2 0.0
714 3 0.0
715 1 0.0
715 2 0.0
715 3 0.0
716 1 0.0
716 2 0.0
716 3 0.0
717 1 0.0
717 2 0.0
717 3 0.0
718 1 0.0
718 2 0.0
718 3 0.0
719 1 0.0
719 2 0.0
719 3 0.0
720 1 0.0
720 2 0.0
720 3 0.0
721 1 0.0
721 2 0.0
721 3 0.0
722 1 0.0
722 2 0.0
722 3 0.0
723 1 0.0
723 2 0.0
723 3 0.0
724 1 0.0
724 2 0.0
724 3 0.0
725 1 0.0
725 2 0.0
725 3 0.0
726 1 0.0
726 2 0.0
726 3 0.0
727 1 0.0
727 2 0.0
727 3 0.0
728 1 0.0
728 2 0.0
728 3 0.0
*
