MFTT
0 0 
1.800000e-04 1.565936e-02 
3.600000e-04 3.131488e-02 
5.400000e-04 4.696272e-02 
7.200000e-04 6.259904e-02 
9.000000e-04 7.822002e-02 
1.080000e-03 9.382181e-02 
1.260000e-03 1.094006e-01 
1.440000e-03 1.249525e-01 
1.620000e-03 1.404739e-01 
1.800000e-03 1.559607e-01 
1.980000e-03 1.714093e-01 
2.160000e-03 1.868159e-01 
2.340000e-03 2.021767e-01 
2.520000e-03 2.174879e-01 
2.700000e-03 2.327457e-01 
2.880000e-03 2.479465e-01 
3.060000e-03 2.630865e-01 
3.240000e-03 2.781619e-01 
3.420000e-03 2.931692e-01 
3.600000e-03 3.081045e-01 
3.780000e-03 3.229643e-01 
3.960000e-03 3.377449e-01 
4.140000e-03 3.524427e-01 
4.320000e-03 3.670540e-01 
4.500000e-03 3.815754e-01 
4.680000e-03 3.960031e-01 
4.860000e-03 4.103337e-01 
5.040000e-03 4.245638e-01 
5.220000e-03 4.386896e-01 
5.400000e-03 4.527080e-01 
5.580000e-03 4.666153e-01 
5.760000e-03 4.804081e-01 
5.940000e-03 4.940832e-01 
6.120000e-03 5.076371e-01 
6.300000e-03 5.210665e-01 
6.480000e-03 5.343681e-01 
6.660000e-03 5.475387e-01 
6.840000e-03 5.605750e-01 
7.020000e-03 5.734738e-01 
7.200000e-03 5.862320e-01 
7.380000e-03 5.988465e-01 
7.560000e-03 6.113141e-01 
7.740000e-03 6.236318e-01 
7.920000e-03 6.357965e-01 
8.100000e-03 6.478053e-01 
8.280000e-03 6.596553e-01 
8.460000e-03 6.713435e-01 
8.640000e-03 6.828670e-01 
8.820000e-03 6.942231e-01 
9.000000e-03 7.054090e-01 
9.180000e-03 7.164219e-01 
9.360000e-03 7.272590e-01 
9.540000e-03 7.379179e-01 
9.720000e-03 7.483957e-01 
9.900000e-03 7.586901e-01 
1.008000e-02 7.687984e-01 
1.026000e-02 7.787181e-01 
1.044000e-02 7.884469e-01 
1.062000e-02 7.979824e-01 
1.080000e-02 8.073221e-01 
1.098000e-02 8.164639e-01 
1.116000e-02 8.254054e-01 
1.134000e-02 8.341446e-01 
1.152000e-02 8.426791e-01 
1.170000e-02 8.510071e-01 
1.188000e-02 8.591263e-01 
1.206000e-02 8.670349e-01 
1.224000e-02 8.747308e-01 
1.242000e-02 8.822122e-01 
1.260000e-02 8.894773e-01 
1.278000e-02 8.965242e-01 
1.296000e-02 9.033513e-01 
1.314000e-02 9.099569e-01 
1.332000e-02 9.163393e-01 
1.350000e-02 9.224970e-01 
1.368000e-02 9.284284e-01 
1.386000e-02 9.341322e-01 
1.404000e-02 9.396069e-01 
1.422000e-02 9.448512e-01 
1.440000e-02 9.498638e-01 
1.458000e-02 9.546435e-01 
1.476000e-02 9.591890e-01 
1.494000e-02 9.634993e-01 
1.512000e-02 9.675734e-01 
1.530000e-02 9.714101e-01 
1.548000e-02 9.750087e-01 
1.566000e-02 9.783681e-01 
1.584000e-02 9.814876e-01 
1.602000e-02 9.843664e-01 
1.620000e-02 9.870039e-01 
1.638000e-02 9.893992e-01 
1.656000e-02 9.915520e-01 
1.674000e-02 9.934616e-01 
1.692000e-02 9.951276e-01 
1.710000e-02 9.965495e-01 
1.728000e-02 9.977270e-01 
1.746000e-02 9.986599e-01 
1.764000e-02 9.993479e-01 
1.782000e-02 9.997908e-01 
1.800000e-02 9.999885e-01 
1.818000e-02 9.999410e-01 
1.836000e-02 9.996483e-01 
1.854000e-02 9.991104e-01 
1.872000e-02 9.983275e-01 
1.890000e-02 9.972998e-01 
1.908000e-02 9.960276e-01 
1.926000e-02 9.945110e-01 
1.944000e-02 9.927506e-01 
1.962000e-02 9.907468e-01 
1.980000e-02 9.884999e-01 
1.998000e-02 9.860107e-01 
2.016000e-02 9.832797e-01 
2.034000e-02 9.803075e-01 
2.052000e-02 9.770949e-01 
2.070000e-02 9.736428e-01 
2.088000e-02 9.699518e-01 
2.106000e-02 9.660230e-01 
2.124000e-02 9.618573e-01 
2.142000e-02 9.574557e-01 
2.160000e-02 9.528193e-01 
2.178000e-02 9.479493e-01 
2.196000e-02 9.428468e-01 
2.214000e-02 9.375131e-01 
2.232000e-02 9.319494e-01 
2.250000e-02 9.261573e-01 
2.268000e-02 9.201380e-01 
2.286000e-02 9.138930e-01 
2.304000e-02 9.074240e-01 
2.322000e-02 9.007324e-01 
2.340000e-02 8.938199e-01 
2.358000e-02 8.866883e-01 
2.376000e-02 8.793392e-01 
2.394000e-02 8.717744e-01 
2.412000e-02 8.639959e-01 
2.430000e-02 8.560055e-01 
2.448000e-02 8.478051e-01 
2.466000e-02 8.393969e-01 
2.484000e-02 8.307828e-01 
2.502000e-02 8.219650e-01 
2.520000e-02 8.129456e-01 
2.538000e-02 8.037269e-01 
2.556000e-02 7.943110e-01 
2.574000e-02 7.847004e-01 
2.592000e-02 7.748973e-01 
2.610000e-02 7.649042e-01 
2.628000e-02 7.547236e-01 
2.646000e-02 7.443578e-01 
2.664000e-02 7.338095e-01 
2.682000e-02 7.230813e-01 
2.700000e-02 7.121757e-01 
2.718000e-02 7.010955e-01 
2.736000e-02 6.898434e-01 
2.754000e-02 6.784220e-01 
2.772000e-02 6.668344e-01 
2.790000e-02 6.550831e-01 
2.808000e-02 6.431713e-01 
2.826000e-02 6.311017e-01 
2.844000e-02 6.188773e-01 
2.862000e-02 6.065012e-01 
2.880000e-02 5.939764e-01 
2.898000e-02 5.813059e-01 
2.916000e-02 5.684928e-01 
2.934000e-02 5.555403e-01 
2.952000e-02 5.424516e-01 
2.970000e-02 5.292299e-01 
2.988000e-02 5.158784e-01 
3.006000e-02 5.024003e-01 
3.024000e-02 4.887991e-01 
3.042000e-02 4.750780e-01 
3.060000e-02 4.612404e-01 
3.078000e-02 4.472897e-01 
3.096000e-02 4.332293e-01 
3.114000e-02 4.190626e-01 
3.132000e-02 4.047932e-01 
3.150000e-02 3.904245e-01 
3.168000e-02 3.759601e-01 
3.186000e-02 3.614035e-01 
3.204000e-02 3.467582e-01 
3.222000e-02 3.320279e-01 
3.240000e-02 3.172162e-01 
3.258000e-02 3.023267e-01 
3.276000e-02 2.873631e-01 
3.294000e-02 2.723290e-01 
3.312000e-02 2.572281e-01 
3.330000e-02 2.420641e-01 
3.348000e-02 2.268408e-01 
3.366000e-02 2.115618e-01 
3.384000e-02 1.962310e-01 
3.402000e-02 1.808520e-01 
3.420000e-02 1.654287e-01 
3.438000e-02 1.499648e-01 
3.456000e-02 1.344641e-01 
3.474000e-02 1.189305e-01 
3.492000e-02 1.033677e-01 
3.510000e-02 8.777953e-02 
3.528000e-02 7.216986e-02 
3.546000e-02 5.654248e-02 
3.564000e-02 4.090124e-02 
3.582000e-02 2.524997e-02 
3.600000e-02 9.592506e-03 
*
