0 0 
1.800000e-04 1.409342e-02 
3.600000e-04 2.818339e-02 
5.400000e-04 4.226645e-02 
7.200000e-04 5.633914e-02 
9.000000e-04 7.039801e-02 
1.080000e-03 8.443963e-02 
1.260000e-03 9.846053e-02 
1.440000e-03 1.124573e-01 
1.620000e-03 1.264265e-01 
1.800000e-03 1.403646e-01 
1.980000e-03 1.542684e-01 
2.160000e-03 1.681343e-01 
2.340000e-03 1.819590e-01 
2.520000e-03 1.957391e-01 
2.700000e-03 2.094712e-01 
2.880000e-03 2.231519e-01 
3.060000e-03 2.367778e-01 
3.240000e-03 2.503457e-01 
3.420000e-03 2.638523e-01 
3.600000e-03 2.772941e-01 
3.780000e-03 2.906679e-01 
3.960000e-03 3.039704e-01 
4.140000e-03 3.171984e-01 
4.320000e-03 3.303486e-01 
4.500000e-03 3.434178e-01 
4.680000e-03 3.564028e-01 
4.860000e-03 3.693004e-01 
5.040000e-03 3.821074e-01 
5.220000e-03 3.948207e-01 
5.400000e-03 4.074372e-01 
5.580000e-03 4.199537e-01 
5.760000e-03 4.323673e-01 
5.940000e-03 4.446749e-01 
6.120000e-03 4.568734e-01 
6.300000e-03 4.689598e-01 
6.480000e-03 4.809313e-01 
6.660000e-03 4.927848e-01 
6.840000e-03 5.045175e-01 
7.020000e-03 5.161265e-01 
7.200000e-03 5.276088e-01 
7.380000e-03 5.389618e-01 
7.560000e-03 5.501827e-01 
7.740000e-03 5.612686e-01 
7.920000e-03 5.722168e-01 
8.100000e-03 5.830248e-01 
8.280000e-03 5.936898e-01 
8.460000e-03 6.042091e-01 
8.640000e-03 6.145803e-01 
8.820000e-03 6.248008e-01 
9.000000e-03 6.348681e-01 
9.180000e-03 6.447797e-01 
9.360000e-03 6.545331e-01 
9.540000e-03 6.641261e-01 
9.720000e-03 6.735562e-01 
9.900000e-03 6.828211e-01 
1.008000e-02 6.919185e-01 
1.026000e-02 7.008463e-01 
1.044000e-02 7.096022e-01 
1.062000e-02 7.181841e-01 
1.080000e-02 7.265899e-01 
1.098000e-02 7.348175e-01 
1.116000e-02 7.428649e-01 
1.134000e-02 7.507301e-01 
1.152000e-02 7.584112e-01 
1.170000e-02 7.659064e-01 
1.188000e-02 7.732137e-01 
1.206000e-02 7.803314e-01 
1.224000e-02 7.872577e-01 
1.242000e-02 7.939910e-01 
1.260000e-02 8.005295e-01 
1.278000e-02 8.068718e-01 
1.296000e-02 8.130162e-01 
1.314000e-02 8.189612e-01 
1.332000e-02 8.247053e-01 
1.350000e-02 8.302473e-01 
1.368000e-02 8.355856e-01 
1.386000e-02 8.407190e-01 
1.404000e-02 8.456462e-01 
1.422000e-02 8.503661e-01 
1.440000e-02 8.548774e-01 
1.458000e-02 8.591791e-01 
1.476000e-02 8.632701e-01 
1.494000e-02 8.671494e-01 
1.512000e-02 8.708160e-01 
1.530000e-02 8.742691e-01 
1.548000e-02 8.775078e-01 
1.566000e-02 8.805313e-01 
1.584000e-02 8.833388e-01 
1.602000e-02 8.859298e-01 
1.620000e-02 8.883035e-01 
1.638000e-02 8.904593e-01 
1.656000e-02 8.923968e-01 
1.674000e-02 8.941154e-01 
1.692000e-02 8.956148e-01 
1.710000e-02 8.968945e-01 
1.728000e-02 8.979543e-01 
1.746000e-02 8.987939e-01 
1.764000e-02 8.994131e-01 
1.782000e-02 8.998117e-01 
1.800000e-02 8.999896e-01 
1.818000e-02 8.999469e-01 
1.836000e-02 8.996834e-01 
1.854000e-02 8.991994e-01 
1.872000e-02 8.984948e-01 
1.890000e-02 8.975698e-01 
1.908000e-02 8.964248e-01 
1.926000e-02 8.950599e-01 
1.944000e-02 8.934756e-01 
1.962000e-02 8.916721e-01 
1.980000e-02 8.896499e-01 
1.998000e-02 8.874096e-01 
2.016000e-02 8.849517e-01 
2.034000e-02 8.822767e-01 
2.052000e-02 8.793854e-01 
2.070000e-02 8.762785e-01 
2.088000e-02 8.729566e-01 
2.106000e-02 8.694207e-01 
2.124000e-02 8.656716e-01 
2.142000e-02 8.617101e-01 
2.160000e-02 8.575374e-01 
2.178000e-02 8.531544e-01 
2.196000e-02 8.485621e-01 
2.214000e-02 8.437618e-01 
2.232000e-02 8.387545e-01 
2.250000e-02 8.335415e-01 
2.268000e-02 8.281242e-01 
2.286000e-02 8.225037e-01 
2.304000e-02 8.166816e-01 
2.322000e-02 8.106591e-01 
2.340000e-02 8.044379e-01 
2.358000e-02 7.980194e-01 
2.376000e-02 7.914052e-01 
2.394000e-02 7.845970e-01 
2.412000e-02 7.775963e-01 
2.430000e-02 7.704049e-01 
2.448000e-02 7.630246e-01 
2.466000e-02 7.554572e-01 
2.484000e-02 7.477045e-01 
2.502000e-02 7.397685e-01 
2.520000e-02 7.316511e-01 
2.538000e-02 7.233542e-01 
2.556000e-02 7.148799e-01 
2.574000e-02 7.062304e-01 
2.592000e-02 6.974076e-01 
2.610000e-02 6.884138e-01 
2.628000e-02 6.792512e-01 
2.646000e-02 6.699220e-01 
2.664000e-02 6.604286e-01 
2.682000e-02 6.507731e-01 
2.700000e-02 6.409581e-01 
2.718000e-02 6.309859e-01 
2.736000e-02 6.208590e-01 
2.754000e-02 6.105798e-01 
2.772000e-02 6.001509e-01 
2.790000e-02 5.895748e-01 
2.808000e-02 5.788542e-01 
2.826000e-02 5.679915e-01 
2.844000e-02 5.569896e-01 
2.862000e-02 5.458511e-01 
2.880000e-02 5.345787e-01 
2.898000e-02 5.231753e-01 
2.916000e-02 5.116435e-01 
2.934000e-02 4.999863e-01 
2.952000e-02 4.882065e-01 
2.970000e-02 4.763069e-01 
2.988000e-02 4.642905e-01 
3.006000e-02 4.521603e-01 
3.024000e-02 4.399192e-01 
3.042000e-02 4.275702e-01 
3.060000e-02 4.151163e-01 
3.078000e-02 4.025607e-01 
3.096000e-02 3.899063e-01 
3.114000e-02 3.771563e-01 
3.132000e-02 3.643139e-01 
3.150000e-02 3.513821e-01 
3.168000e-02 3.383641e-01 
3.186000e-02 3.252631e-01 
3.204000e-02 3.120824e-01 
3.222000e-02 2.988251e-01 
3.240000e-02 2.854946e-01 
3.258000e-02 2.720940e-01 
3.276000e-02 2.586268e-01 
3.294000e-02 2.450961e-01 
3.312000e-02 2.315053e-01 
3.330000e-02 2.178577e-01 
3.348000e-02 2.041567e-01 
3.366000e-02 1.904056e-01 
3.384000e-02 1.766079e-01 
3.402000e-02 1.627668e-01 
3.420000e-02 1.488858e-01 
3.438000e-02 1.349683e-01 
3.456000e-02 1.210177e-01 
3.474000e-02 1.070374e-01 
3.492000e-02 9.303092e-02 
3.510000e-02 7.900158e-02 
3.528000e-02 6.495287e-02 
3.546000e-02 5.088823e-02 
3.564000e-02 3.681112e-02 
3.582000e-02 2.272497e-02 
3.600000e-02 8.633256e-03 
